828794137
1170004446
461281215
601685644
116341205
658028010
395243739
2040625016
1526111825
1659127478
260161463
1630704420
1026936461
48633922
1550360659
1285012880
96323209
457275022
1288892079
81994428
1655915077
1793224090
1592379083
1880993448
97172929
23710054
4981927
1240665428
763655421
1975064050
1873429571
991800000
103310329
2034147134
472048031
2073211628
511854261
1409380682
509475003
1802375640
1818073393
359487510
661218711
1319007108
482449261
98492322
22332467
391201776
736968041
619664366
2106421391
1797173020
18040613
1082179834
1828357803
1324720392
165032097
1888088774
2111365767
633849268
293877213
60978514
458694691
1844807968
1343443673
676238494
720477055
1769609036
1826440085
1594580138
1133408411
483875896
1897628689
18520438
978942839
1354892260
1713590349
1745803010
559962131